3975.910621
870.672212
-17571.752672
0.000000
14215.971145
4598.855632
0.000000
2919.896037
0.000000
0.000000
18009.617110
10072.421245
0.000000
0.000000
0.000000
-1802.206828
5542.469184
-6960.128959
6733.453701
0.000000
3003.960924
0.000000
0.000000
0.000000
0.000000
0.000000
0.000000
0.000000
0.000000
0.000000
0.000000
0.000000
0.000000
0.000000
0.000000
27960.317915
0.000000
0.000000
0.000000
4072.121979
0.000000
0.000000
0.000000
0.000000
1221.923622
0.000000
0.000000
0.000000
2511.716568
-4620.046242
0.000000
-4688.336347
1676.095697
0.000000
168.666232
687.766205
1911.165577
1.000000
