-0.110358
-0.208480
0.098912
0.314866
0.331900
0.199401
1.012051
0.260900
0.249497
0.079181
0.008342
-0.144800
0.008405
0.020923
0.234035
0.742872
0.432681
0.125571
0.166217
0.336364
0.262713
0.383590
0.991653
0.306349
-1.198640
-0.759633
-0.870490
0.214763
-0.424779
-0.266801
-0.274160
-0.206560
-0.453679
-0.128052
-0.403888
0.204849
0.001539
-0.130372
-0.354951
-0.132199
-0.430181
-0.721695
-0.207680
-0.471779
-0.654041
-0.785402
-0.138116
-0.420947
-0.328655
-0.197131
-0.149773
0.400699
1.086648
0.312216
0.129486
0.546999
0.385808
-1.094886
0.403061
